1  10   11   10   11   10   11   10   11   00   01   00   01   00   01   00   01   00   01   00   01   00   01   00   1
1  10   11   10   11   10   10   11   10   11   10   11   10   11   10   11   10   11   10   11   10   11   11   10   1
1  11   11   11   11   11   11   11   11   11   11   11   11   11   11   11   11   11   11   11   11   11   11   11   1
1  11   11   11   11   11   11   11   11   11   01   11   01   11   01   11   01   11   01   11   01   11   01   11   0
1  11   11   11   11   11   10   11   10   00   10   00   10   00   10   00   10   00   10   00   10   00   11   00   1
1  11   11   11   11   11   11   11   11   10   01   10   01   10   01   10   01   10   01   10   01   10   01   10   0
1  11   11   11   11   11   10   11   11   11   11   11   11   11   11   11   11   11   11   11   11   11   11   11   1
1  11   11   11   11   11   11   11   11   01   11   01   11   01   11   01   11   01   11   01   11   01   11   01   1

1  10   11   10   11   10   11   10   10   11   00   11   00   11   00   11   00   11   00   11   00   11   00   11   0
1  10   11   10   11   10   10   10   10   00   10   00   10   00   10   00   10   00   10   00   10   00   11   00   1
1  11   11   11   11   11   11   11   11   11   11   11   11   11   11   11   11   11   11   11   11   11   11   11   1
1  11   11   11   11   11   11   11   11   00   11   00   11   00   11   00   11   00   11   00   11   00   11   00   1
1  11   11   11   11   11   11   11   11   00   11   00   11   00   11   00   11   00   11   00   11   00   11   00   1
1  11   11   11   11   11   10   11   10   10   10   10   10   10   10   10   10   10   10   10   10   10   11   10   1
1  11   11   11   11   11   10   11   11   11   11   11   11   11   11   11   11   11   11   11   11   11   11   11   1
0  11   11   11   11   11   11   11   11   11   10   11   10   11   10   11   10   11   10   11   10   11   10   11   1


1  10   11   10   11   10   11   10   11   01   01   01   01   01   01   01   01   01   01   01   01   01   01   01   0
1  10   11   10   11   10   11   11   11   01   01   01   01   01   01   01   01   01   01   01   01   01   01   00   0
1  11   11   11   11   11   11   11   11   11   11   11   11   11   11   11   11   11   11   11   11   11   11   11   1
1  11   11   11   11   11   10   11   10   01   00   01   00   01   00   01   00   01   00   01   00   01   01   01   0
1  11   11   11   11   11   10   11   10   01   10   01   10   01   10   01   10   01   10   01   10   01   11   01   1
1  11   11   11   11   11   10   11   10   11   10   11   10   11   10   11   10   11   10   11   10   11   11   11   1
1  11   11   11   11   11   10   11   11   11   11   11   11   11   11   11   11   11   11   11   11   11   11   11   1
0  11   11   11   11   11   11   11   11   10   10   10   10   10   10   10   10   10   10   10   10   10   10   10   1

1  10   11   10   11   10   11   10   10   01   10   01   10   01   10   01   10   01   10   01   10   01   10   01   1
1  10   11   10   11   10   10   11   10   01   10   01   10   01   10   01   10   01   10   01   10   01   11   00   1
1  11   11   11   11   11   11   11   11   11   11   11   11   11   11   11   11   11   11   11   11   11   11   11   1
1  11   11   11   11   11   10   11   10   10   10   10   10   10   10   10   10   10   10   10   10   10   11   10   1
1  11   11   11   11   11   10   11   10   11   00   11   00   11   00   11   00   11   00   11   00   11   01   11   0
1  11   11   11   11   11   10   11   10   00   00   00   00   00   00   00   00   00   00   00   00   00   01   00   0
1  11   11   11   11   11   10   11   11   11   11   11   11   11   11   11   11   11   11   11   11   11   11   11   1
1  11   11   11   11   11   11   11   11   00   11   00   11   00   11   00   11   00   11   00   11   00   11   00   1

0  01   01   11   10   01   01   11   10   00   01   11   10   00   01   11   10   00   01   11   10   00   01   11  1
0  00   01   10   10   00   00   10   11   01   00   10   11   01   00   10   11   01   00   10   11   01   01   10  1
0  00   01   11   10   00   01   11   11   00   01   11   10   00   01   11   10   00   01   11   10   00   01   11  1
0  00   01   11   10   00   00   11   11   00   00   11   11   00   00   11   11   00   00   11   11   00   01   11  1
0  00   01   11   10   00   00   11   11   00   00   11   11   00   00   11   11   00   00   11   11   00   01   11  1
0  00   01   11   10   00   00   11   11   00   00   11   11   00   00   11   11   00   00   11   11   00   01   11  1
0  00   01   11   10   00   00   11   10   00   01   11   10   00   01   11   10   00   01   11   10   00   01   11  1
1  00   01   11   10   00   01   11   10   00   00   11   11   00   00   11   11   00   00   11   11   00   00   11  1

0  00   00   01   01   10   11   11   10   00   00   00   01   11   11   11   10   00   00   00   01   11   11   11   1
0  01   00   00   01   11   10   10   10   00   01   01   01   11   10   10   10   00   01   01   01   11   11   10   1
0  00   00   00   01   11   11   11   10   00   00   00   01   11   11   11   10   00   00   00   01   11   11   11   1
0  00   00   00   01   11   10   11   10   00   01   00   01   11   10   11   10   00   01   00   01   11   11   11   1
0  00   00   00   01   11   10   11   10   00   01   00   01   11   10   11   10   00   01   00   01   11   11   11   1
0  00   00   00   01   11   10   11   10   00   01   00   01   11   10   11   10   00   01   00   01   11   11   11   1
0  00   00   00   01   11   10   11   10   00   00   00   01   11   11   11   10   00   00   00   01   11   11   11   1
1  00   00   00   01   11   11   11   10   00   00   00   00   11   11   11   11   00   00   00   00   11   11   11   1


1  10   11   10   11   11   11   11   10   00   00   00   00   00   00   00   01   11   11   11   11   11   11   11   1
1  10   11   11   11   11   10   10   10   00   00   00   00   00   01   01   01   11   11   11   11   11   11   10   1
1  11   11   11   11   11   11   11   10   00   00   00   00   00   00   00   01   11   11   11   11   11   11   11   1
1  11   11   11   11   11   10   11   10   00   00   00   00   00   01   00   01   11   11   11   11   11   11   11   1
1  11   11   11   11   11   10   11   10   00   00   00   00   00   01   00   01   11   11   11   11   11   11   11   1
1  11   11   11   11   11   10   11   10   00   00   00   00   00   01   00   01   11   11   11   11   11   11   11   1
1  11   11   11   11   11   10   11   10   00   00   00   00   00   00   00   01   11   11   11   11   11   11   11   1
1  11   11   11   11   11   11   11   10   00   00   00   00   00   00   00   00   11   11   11   11   11   11   11   1
